%YAML:1.0
calibration_time: "Tue May  6 20:13:25 2014"
nframes: 8
image_width: 640
image_height: 480
board_width: 8
board_height: 6
square_size: 24.
flags: 0
camera_matrix: !!opencv-matrix
   rows: 3
   cols: 3
   dt: d
   data: [ 4.8952621332464827e+02, 0., 3.1790667808969602e+02, 0.,
       4.9009218292487213e+02, 2.4354977239200738e+02, 0., 0., 1. ]
distortion_coefficients: !!opencv-matrix
   rows: 5
   cols: 1
   dt: d
   data: [ -1.2625548720705934e-01, 1.5263380182065181e-01,
       3.2010894153450928e-03, -9.6819656225627989e-04,
       -9.0465970629747969e-02 ]
avg_reprojection_error: 2.1201952261539300e-01
per_view_reprojection_errors: !!opencv-matrix
   rows: 8
   cols: 1
   dt: f
   data: [ 6.97874278e-02, 7.17631131e-02, 6.30758926e-02,
       7.30792880e-02, 1.05014883e-01, 7.44960830e-02, 5.58892608e-01,
       1.06490023e-01 ]
# a set of 6-tuples (rotation vector + translation vector) for each view
extrinsic_parameters: !!opencv-matrix
   rows: 8
   cols: 6
   dt: d
   data: [ 2.2308437889533666e-02, -5.8519055252925234e-01,
       -7.0905465265953087e-03, -1.2582989358005739e+02,
       -6.2101657624044996e+01, 4.1808212737233134e+02,
       2.1181165232943850e-02, 8.4762803351312921e-01,
       -1.6896378299475625e-02, 8.9243794008729012e+01,
       -6.4183807918745444e+01, 5.4911336833446398e+02,
       8.1294773782668406e-01, -9.4691522721933111e-03,
       -7.4608131183805180e-04, -8.2437664191427444e+01,
       -2.1134029968111668e+02, 4.3960674448198523e+02,
       2.4058749252766007e-02, -5.3097734589831825e-03,
       -1.1872993250547744e-02, -6.4808699064693386e+01,
       -6.2251246942336323e+01, 3.7982254938077557e+02,
       -8.2196756762842482e-01, 6.6674623341405370e-01,
       2.9846491470755959e-01, 1.0325238771912515e+02,
       -1.0078480148460477e+01, 5.4996965845842476e+02,
       4.1653335022035104e-01, -5.0815644733598087e-01,
       9.7328852679481867e-02, -1.4590224137647263e+02,
       -4.5253528185675698e+01, 3.9381814258328734e+02,
       -2.6067910454822751e-01, 8.3965449342601417e-01,
       6.0483201398030673e-01, 9.6876337753104579e+01,
       -1.4446218559094461e+02, 5.7965964412650510e+02,
       -7.4884174379214175e-01, -3.8180010611272980e-01,
       -1.6557797960655526e-01, -1.1592513844117282e+02,
       -2.1270971751049458e+01, 4.8387486945371796e+02 ]
