%YAML:1.0
calibration_time: "Wed May 21 19:11:08 2014"
nframes: 8
image_width: 2817
image_height: 1877
board_width: 8
board_height: 6
square_size: 24.
flags: 0
camera_matrix: !!opencv-matrix
   rows: 3
   cols: 3
   dt: d
   data: [ 1.9232626428877716e+03, 0., 1.4037142533326939e+03, 0.,
       1.9240828288625319e+03, 9.4847375350201150e+02, 0., 0., 1. ]
distortion_coefficients: !!opencv-matrix
   rows: 5
   cols: 1
   dt: d
   data: [ -1.3498585458311260e-01, 2.2201133110312324e-01,
       2.1620005091302322e-03, -1.2106744815385951e-03,
       -2.1099619021670141e-01 ]
avg_reprojection_error: 2.3586146318808734e-01
per_view_reprojection_errors: !!opencv-matrix
   rows: 8
   cols: 1
   dt: f
   data: [ 2.01253518e-01, 2.14431807e-01, 2.18961895e-01,
       1.90743431e-01, 3.10405403e-01, 2.22713843e-01, 2.18185365e-01,
       2.84034967e-01 ]
# a set of 6-tuples (rotation vector + translation vector) for each view
extrinsic_parameters: !!opencv-matrix
   rows: 8
   cols: 6
   dt: d
   data: [ 1.9709724578201717e-02, -5.8624658166963639e-01,
       -6.3840533401154391e-03, -1.2625770561394587e+02,
       -6.0891662242880521e+01, 4.1996453386861708e+02,
       1.9128863631138516e-02, 8.4547007154649634e-01,
       -1.7839149090863243e-02, 8.8607083908152120e+01,
       -6.2608144882910750e+01, 5.5099069194294873e+02,
       8.0915503765758379e-01, -1.1179731766706365e-02,
       -6.6097102088138082e-04, -8.2761227489583959e+01,
       -2.0980047215174241e+02, 4.4192732472576341e+02,
       2.0755700340877183e-02, -4.6055652049560606e-03,
       -1.1731910113545140e-02, -6.5194168911680791e+01,
       -6.1186344318738641e+01, 3.8159485257658935e+02,
       -8.2487663489718366e-01, 6.6466340012516767e-01,
       2.9739471843428111e-01, 1.0261308667643938e+02,
       -8.5194021643870208e+00, 5.5169028865766461e+02,
       4.1338658805881012e-01, -5.0902122706175623e-01,
       9.7546827994362428e-02, -1.4631526884153556e+02,
       -4.4079073753801367e+01, 3.9562535759040054e+02,
       -2.6430643742229287e-01, 8.3871036832005597e-01,
       6.0342426895084766e-01, 9.6409147403327836e+01,
       -1.4274789881246008e+02, 5.8233435582237655e+02,
       -7.5156414127135185e-01, -3.8329778041890089e-01,
       -1.6561637771648613e-01, -1.1640543503128866e+02,
       -1.9887265106282477e+01, 4.8568353238630573e+02 ]
