%YAML:1.0
calibration_time: "Tue Jan 21 19:50:04 2014"
nframes: 5
image_width: 2817
image_height: 1877
board_width: 8
board_height: 6
square_size: 2.5200000762939453e+01
flags: 0
camera_matrix: !!opencv-matrix
   rows: 3
   cols: 3
   dt: d
   data: [ 6.2572522840677530e+03, 0., 1.4565502511441284e+03, 0.,
       6.2595227032814319e+03, 1.0191270851765188e+03, 0., 0., 1. ]
distortion_coefficients: !!opencv-matrix
   rows: 5
   cols: 1
   dt: d
   data: [ 1.6225721283869080e-01, -7.6294693230506407e+00,
       3.9861164601459297e-03, -2.6970171299990804e-03,
       1.6259316271127815e+02 ]
avg_reprojection_error: 1.1764559528454174e-01
per_view_reprojection_errors: !!opencv-matrix
   rows: 5
   cols: 1
   dt: f
   data: [ 1.23074137e-01, 1.22000314e-01, 1.22916751e-01,
       1.05199255e-01, 1.13998689e-01 ]
# a set of 6-tuples (rotation vector + translation vector) for each view
extrinsic_parameters: !!opencv-matrix
   rows: 5
   cols: 6
   dt: d
   data: [ 1.1346043096621202e-02, -2.6519707456592427e-02,
       -8.2678577314662088e-03, -1.1677356635934419e+02,
       -1.0203751677226320e+02, 3.3490325428083920e+03,
       -2.7251130841050787e-03, -4.4898163229714627e-02,
       -6.8523446015275030e-03, -3.2101342607659888e+02,
       -1.0051141387628974e+02, 3.3433107616417874e+03,
       2.4894912028261329e-02, -2.8637217864680681e-02,
       -9.1754561344214187e-03, 6.7444372584187605e+01,
       -1.0373204533804538e+02, 3.3512837039673900e+03,
       2.2918718889742241e-03, -2.0818509403351865e-02,
       -1.5928152228458198e-02, -1.4124040018635947e+02,
       -3.1012611155792638e+02, 3.3799940787908954e+03,
       -1.0571432747531617e-02, -6.2070977663380968e-02,
       -3.0968261263833917e-02, -3.8907798672265289e+02,
       -3.1133200581038216e+02, 3.3523122197245812e+03 ]
