%YAML:1.0
calibration_time: "Wed Jan 22 14:07:03 2014"
nframes: 8
image_width: 2817
image_height: 1877
board_width: 8
board_height: 6
square_size: 2.5200000762939453e+01
flags: 0
camera_matrix: !!opencv-matrix
   rows: 3
   cols: 3
   dt: d
   data: [ 4.2604195554736043e+03, 0., 1.4225671627360573e+03, 0.,
       4.2620109393583389e+03, 8.8461813622219609e+02, 0., 0., 1. ]
distortion_coefficients: !!opencv-matrix
   rows: 5
   cols: 1
   dt: d
   data: [ 1.3364498727940552e-01, -2.1918561256154545e+00,
       1.3840575982754732e-04, 8.6624992110576862e-04,
       1.2238419518041585e+01 ]
avg_reprojection_error: 1.9234980304764659e-01
per_view_reprojection_errors: !!opencv-matrix
   rows: 8
   cols: 1
   dt: f
   data: [ 1.11715212e-01, 1.14728130e-01, 1.22284167e-01,
       1.31578222e-01, 1.25943825e-01, 1.30396351e-01, 2.42694110e-01,
       3.82508844e-01 ]
# a set of 6-tuples (rotation vector + translation vector) for each view
extrinsic_parameters: !!opencv-matrix
   rows: 8
   cols: 6
   dt: d
   data: [ 2.5047700431983845e-03, -2.1009986459890898e-02,
       -6.3788500701450852e-03, -9.3284523063432900e+01,
       -4.1458617987091898e+01, 2.2439821491440016e+03,
       7.3949544397843752e-03, -1.6787653051983781e-02,
       2.5363341274787281e-02, -3.7929701467706923e+02,
       -9.0568046703719745e+01, 2.2455258114124181e+03,
       7.2621364680037145e-03, -2.7208167292479702e-03,
       -3.6242938635666689e-03, 1.4152841827969857e+02,
       -9.7454162560126292e+01, 2.2454041436359139e+03,
       3.0163894391343652e-02, 8.2764222016954853e-03,
       -7.1530410774041740e-03, 9.5960943887152382e+01,
       -3.6815414562236447e+02, 2.2218955399987212e+03,
       3.3883092621620405e-02, -3.7359295920365632e-03,
       -2.0192912692956000e-03, -1.6296611402094004e+02,
       -3.5843697072424288e+02, 2.2132366240451183e+03,
       6.2734434825843940e-02, -3.4414359180890475e-02,
       1.0825308376325564e-03, -4.4762928159558356e+02,
       -3.4461913876800082e+02, 2.2167245215134553e+03,
       7.9312569032331647e-03, -5.3598728303235499e-01,
       4.0516766654913154e-03, -2.6790898413307229e+02,
       -2.1118068994232129e+02, 2.1033480274760318e+03,
       -1.9849978645618944e-03, 8.2465328319018305e-01,
       -2.4128208885664620e-02, 7.4235455073248630e+01,
       -1.7993994092371426e+02, 2.1994857555164290e+03 ]
