%YAML:1.0
poly7: [ 6.76695, 9.38428, 10.1099, 1070.96, 1205.68, 1080.35, -6489.76, -7782.54, -6654.54, 26271.7, 32809, 28042.3, -59900.8, -76659.1, -65951.4, 76402.4, 99152.5, 85905.3, -50736.3, -66441.5, -57931.4, 13633.2, 17967.4, 15756 ]
min: [ 0.000151851, 4.66965e-05, 0.00104073]
max: [ 0.991509, 0.988979, 0.995972]
