%YAML:1.0
poly7: [ 7.66448, 6.01996, 1.82091, 1065.17, 1200.43, 1070.1, -6339.33, -7494.78, -6173.6, 26261.5, 30956.6, 24162.8, -61180.6, -71354, -53833.9, 79229.4, 91361, 67548.9, -53230.3, -60726.5, -44327.1, 14442.8, 16311.5, 11808.3 ]
min: [ 0.00218184, 0.0017004, 0.0031969]
max: [ 0.995972, 0.98918, 0.993327]
