%YAML:1.0
lut: [ 0., 0., 0., 2.14723926e-02, 2.30061356e-02, 1.68711655e-02,
    6.13496937e-02, 7.66871199e-02, 4.75460105e-02, 8.43558311e-02,
    1.07361965e-01, 8.89570564e-02, 1.08895704e-01, 1.22699387e-01,
    1.13496929e-01, 1.19631901e-01, 1.31901845e-01, 1.25766873e-01,
    1.28834352e-01, 1.41104296e-01, 1.34969324e-01, 1.36503071e-01,
    1.48773000e-01, 1.41104296e-01, 1.44171774e-01, 1.56441718e-01,
    1.48773000e-01, 1.50306746e-01, 1.64110422e-01, 1.56441718e-01,
    1.57975465e-01, 1.70245394e-01, 1.65644169e-01, 1.65644169e-01,
    1.76380366e-01, 1.70245394e-01, 1.71779141e-01, 1.80981591e-01,
    1.74846619e-01, 1.74846619e-01, 1.87116563e-01, 1.80981591e-01,
    1.80981591e-01, 1.93251535e-01, 1.85582817e-01, 1.85582817e-01,
    1.99386507e-01, 1.90184042e-01, 1.91717789e-01, 2.05521479e-01,
    1.96319014e-01, 1.97852761e-01, 2.13190183e-01, 2.00920239e-01,
    2.03987733e-01, 2.19325155e-01, 2.10122705e-01, 2.10122705e-01,
    2.23926380e-01, 2.14723930e-01, 2.16257662e-01, 2.30061352e-01,
    2.19325155e-01, 2.20858902e-01, 2.34662578e-01, 2.25460127e-01,
    2.26993859e-01, 2.40797549e-01, 2.30061352e-01, 2.31595099e-01,
    2.45398775e-01, 2.34662578e-01, 2.36196324e-01, 2.50000000e-01,
    2.40797549e-01, 2.42331281e-01, 2.54601240e-01, 2.45398775e-01,
    2.46932521e-01, 2.59202451e-01, 2.50000000e-01, 2.51533747e-01,
    2.63803691e-01, 2.54601240e-01, 2.56134957e-01, 2.66871154e-01,
    2.59202451e-01, 2.59202451e-01, 2.71472394e-01, 2.60736197e-01,
    2.63803691e-01, 2.74539888e-01, 2.65337437e-01, 2.68404901e-01,
    2.79141098e-01, 2.71472394e-01, 2.71472394e-01, 2.82208592e-01,
    2.74539888e-01, 2.76073605e-01, 2.86809802e-01, 2.77607352e-01,
    2.80674845e-01, 2.89877295e-01, 2.80674845e-01, 2.83742338e-01,
    2.92944789e-01, 2.85276085e-01, 2.86809802e-01, 2.96012282e-01,
    2.88343549e-01, 2.89877295e-01, 3.00613493e-01, 2.91411042e-01,
    2.94478536e-01, 3.03680986e-01, 2.94478536e-01, 2.97545999e-01,
    3.06748480e-01, 2.97545999e-01, 3.00613493e-01, 3.09815943e-01,
    3.02147239e-01, 3.03680986e-01, 3.12883437e-01, 3.05214733e-01,
    3.08282197e-01, 3.15950930e-01, 3.08282197e-01, 3.11349690e-01,
    3.19018394e-01, 3.11349690e-01, 3.14417183e-01, 3.22085887e-01,
    3.14417183e-01, 3.17484677e-01, 3.25153381e-01, 3.15950930e-01,
    3.20552140e-01, 3.26687127e-01, 3.19018394e-01, 3.23619634e-01,
    3.29754591e-01, 3.22085887e-01, 3.26687127e-01, 3.32822084e-01,
    3.23619634e-01, 3.28220844e-01, 3.35889578e-01, 3.26687127e-01,
    3.31288338e-01, 3.38957042e-01, 3.29754591e-01, 3.34355831e-01,
    3.42024535e-01, 3.32822084e-01, 3.37423325e-01, 3.45092028e-01,
    3.35889578e-01, 3.40490788e-01, 3.48159522e-01, 3.38957042e-01,
    3.43558282e-01, 3.51226985e-01, 3.40490788e-01, 3.46625775e-01,
    3.54294479e-01, 3.43558282e-01, 3.49693239e-01, 3.57361972e-01,
    3.46625775e-01, 3.52760732e-01, 3.58895719e-01, 3.49693239e-01,
    3.55828226e-01, 3.61963183e-01, 3.52760732e-01, 3.58895719e-01,
    3.65030676e-01, 3.55828226e-01, 3.60429436e-01, 3.68098170e-01,
    3.58895719e-01, 3.63496929e-01, 3.71165633e-01, 3.61963183e-01,
    3.66564423e-01, 3.74233127e-01, 3.65030676e-01, 3.69631916e-01,
    3.75766873e-01, 3.68098170e-01, 3.72699380e-01, 3.78834367e-01,
    3.69631916e-01, 3.75766873e-01, 3.81901830e-01, 3.71165633e-01,
    3.77300620e-01, 3.84969324e-01, 3.74233127e-01, 3.80368084e-01,
    3.86503071e-01, 3.77300620e-01, 3.83435577e-01, 3.89570564e-01,
    3.80368084e-01, 3.86503071e-01, 3.92638028e-01, 3.83435577e-01,
    3.88036817e-01, 3.95705521e-01, 3.84969324e-01, 3.91104281e-01,
    3.97239268e-01, 3.88036817e-01, 3.92638028e-01, 4.00306761e-01,
    3.91104281e-01, 3.95705521e-01, 4.01840478e-01, 3.94171774e-01,
    3.98773015e-01, 4.04907972e-01, 3.95705521e-01, 4.00306761e-01,
    4.07975465e-01, 3.97239268e-01, 4.03374225e-01, 4.09509212e-01,
    4.00306761e-01, 4.04907972e-01, 4.12576675e-01, 4.01840478e-01,
    4.07975465e-01, 4.14110422e-01, 4.04907972e-01, 4.11042958e-01,
    4.17177916e-01, 4.06441718e-01, 4.12576675e-01, 4.18711662e-01,
    4.11042958e-01, 4.15644169e-01, 4.21779156e-01, 4.12576675e-01,
    4.17177916e-01, 4.23312873e-01, 4.14110422e-01, 4.20245409e-01,
    4.26380366e-01, 4.15644169e-01, 4.21779156e-01, 4.27914113e-01,
    4.18711662e-01, 4.24846619e-01, 4.30981606e-01, 4.21779156e-01,
    4.26380366e-01, 4.32515323e-01, 4.23312873e-01, 4.27914113e-01,
    4.35582817e-01, 4.26380366e-01, 4.30981606e-01, 4.37116563e-01,
    4.27914113e-01, 4.32515323e-01, 4.40184057e-01, 4.29447860e-01,
    4.35582817e-01, 4.41717803e-01, 4.30981606e-01, 4.37116563e-01,
    4.43251520e-01, 4.32515323e-01, 4.38650310e-01, 4.46319014e-01,
    4.35582817e-01, 4.41717803e-01, 4.47852761e-01, 4.38650310e-01,
    4.43251520e-01, 4.49386507e-01, 4.40184057e-01, 4.46319014e-01,
    4.52454001e-01, 4.43251520e-01, 4.47852761e-01, 4.53987718e-01,
    4.44785267e-01, 4.49386507e-01, 4.55521464e-01, 4.46319014e-01,
    4.52454001e-01, 4.58588958e-01, 4.47852761e-01, 4.53987718e-01,
    4.60122705e-01, 4.49386507e-01, 4.57055211e-01, 4.61656451e-01,
    4.52454001e-01, 4.58588958e-01, 4.63190198e-01, 4.53987718e-01,
    4.60122705e-01, 4.66257662e-01, 4.55521464e-01, 4.63190198e-01,
    4.67791408e-01, 4.58588958e-01, 4.64723915e-01, 4.69325155e-01,
    4.60122705e-01, 4.66257662e-01, 4.70858902e-01, 4.61656451e-01,
    4.67791408e-01, 4.73926395e-01, 4.63190198e-01, 4.69325155e-01,
    4.75460112e-01, 4.66257662e-01, 4.72392648e-01, 4.76993859e-01,
    4.67791408e-01, 4.73926395e-01, 4.78527606e-01, 4.70858902e-01,
    4.75460112e-01, 4.80061352e-01, 4.72392648e-01, 4.76993859e-01,
    4.81595099e-01, 4.73926395e-01, 4.78527606e-01, 4.83128846e-01,
    4.75460112e-01, 4.80061352e-01, 4.86196309e-01, 4.76993859e-01,
    4.83128846e-01, 4.87730056e-01, 4.78527606e-01, 4.84662563e-01,
    4.89263803e-01, 4.80061352e-01, 4.86196309e-01, 4.90797549e-01,
    4.81595099e-01, 4.87730056e-01, 4.92331296e-01, 4.84662563e-01,
    4.89263803e-01, 4.93865043e-01, 4.86196309e-01, 4.92331296e-01,
    4.95398760e-01, 4.87730056e-01, 4.93865043e-01, 4.96932507e-01,
    4.89263803e-01, 4.95398760e-01, 4.98466253e-01, 4.90797549e-01,
    4.96932507e-01, 5.00000000e-01, 4.92331296e-01, 4.98466253e-01,
    5.01533747e-01, 4.93865043e-01, 5.00000000e-01, 5.03067493e-01,
    4.95398760e-01, 5.01533747e-01, 5.04601240e-01, 4.96932507e-01,
    5.03067493e-01, 5.06134987e-01, 4.98466253e-01, 5.04601240e-01,
    5.07668734e-01, 5.00000000e-01, 5.06134987e-01, 5.09202480e-01,
    5.03067493e-01, 5.07668734e-01, 5.10736167e-01, 5.04601240e-01,
    5.09202480e-01, 5.12269914e-01, 5.06134987e-01, 5.10736167e-01,
    5.15337408e-01, 5.07668734e-01, 5.12269914e-01, 5.16871154e-01,
    5.07668734e-01, 5.13803661e-01, 5.18404901e-01, 5.09202480e-01,
    5.15337408e-01, 5.19938648e-01, 5.10736167e-01, 5.16871154e-01,
    5.21472394e-01, 5.12269914e-01, 5.18404901e-01, 5.23006141e-01,
    5.13803661e-01, 5.21472394e-01, 5.24539888e-01, 5.16871154e-01,
    5.23006141e-01, 5.26073635e-01, 5.18404901e-01, 5.24539888e-01,
    5.27607381e-01, 5.19938648e-01, 5.26073635e-01, 5.29141128e-01,
    5.19938648e-01, 5.27607381e-01, 5.30674875e-01, 5.21472394e-01,
    5.29141128e-01, 5.32208562e-01, 5.23006141e-01, 5.30674875e-01,
    5.33742309e-01, 5.24539888e-01, 5.32208562e-01, 5.35276055e-01,
    5.26073635e-01, 5.33742309e-01, 5.36809802e-01, 5.27607381e-01,
    5.35276055e-01, 5.38343549e-01, 5.29141128e-01, 5.35276055e-01,
    5.39877295e-01, 5.30674875e-01, 5.38343549e-01, 5.41411042e-01,
    5.33742309e-01, 5.39877295e-01, 5.42944789e-01, 5.35276055e-01,
    5.41411042e-01, 5.42944789e-01, 5.35276055e-01, 5.42944789e-01,
    5.44478536e-01, 5.36809802e-01, 5.44478536e-01, 5.46012282e-01,
    5.38343549e-01, 5.46012282e-01, 5.49079776e-01, 5.39877295e-01,
    5.47546029e-01, 5.50613523e-01, 5.39877295e-01, 5.49079776e-01,
    5.52147210e-01, 5.41411042e-01, 5.50613523e-01, 5.53680956e-01,
